#! FIELDS index mass charge
 0                     16     -0.755299985408783
 1                     16     -0.755299985408783
 2      12.01000022888184     0.9326000213623047
 3      12.01000022888184   -0.09520000219345093
 4      14.01000022888184    -0.8356000185012817
 5      1.008000016212463    0.08869999647140503
 6      1.008000016212463    0.08869999647140503
 7      1.008000016212463     0.4438000023365021
 8      1.008000016212463     0.4438000023365021
 9      1.008000016212463     0.4438000023365021
 10                     16     -0.755299985408783
 11                     16     -0.755299985408783
 12      12.01000022888184     0.9326000213623047
 13      12.01000022888184   -0.09520000219345093
 14      14.01000022888184    -0.8356000185012817
 15      1.008000016212463    0.08869999647140503
 16      1.008000016212463    0.08869999647140503
 17      1.008000016212463     0.4438000023365021
 18      1.008000016212463     0.4438000023365021
 19      1.008000016212463     0.4438000023365021
 20                     16     -0.755299985408783
 21                     16     -0.755299985408783
 22      12.01000022888184     0.9326000213623047
 23      12.01000022888184   -0.09520000219345093
 24      14.01000022888184    -0.8356000185012817
 25      1.008000016212463    0.08869999647140503
 26      1.008000016212463    0.08869999647140503
 27      1.008000016212463     0.4438000023365021
 28      1.008000016212463     0.4438000023365021
 29      1.008000016212463     0.4438000023365021
 30                     16     -0.755299985408783
 31                     16     -0.755299985408783
 32      12.01000022888184     0.9326000213623047
 33      12.01000022888184   -0.09520000219345093
 34      14.01000022888184    -0.8356000185012817
 35      1.008000016212463    0.08869999647140503
 36      1.008000016212463    0.08869999647140503
 37      1.008000016212463     0.4438000023365021
 38      1.008000016212463     0.4438000023365021
 39      1.008000016212463     0.4438000023365021
 40                     16     -0.755299985408783
 41                     16     -0.755299985408783
 42      12.01000022888184     0.9326000213623047
 43      12.01000022888184   -0.09520000219345093
 44      14.01000022888184    -0.8356000185012817
 45      1.008000016212463    0.08869999647140503
 46      1.008000016212463    0.08869999647140503
 47      1.008000016212463     0.4438000023365021
 48      1.008000016212463     0.4438000023365021
 49      1.008000016212463     0.4438000023365021
 50                     16     -0.755299985408783
 51                     16     -0.755299985408783
 52      12.01000022888184     0.9326000213623047
 53      12.01000022888184   -0.09520000219345093
 54      14.01000022888184    -0.8356000185012817
 55      1.008000016212463    0.08869999647140503
 56      1.008000016212463    0.08869999647140503
 57      1.008000016212463     0.4438000023365021
 58      1.008000016212463     0.4438000023365021
 59      1.008000016212463     0.4438000023365021
 60                     16     -0.755299985408783
 61                     16     -0.755299985408783
 62      12.01000022888184     0.9326000213623047
 63      12.01000022888184   -0.09520000219345093
 64      14.01000022888184    -0.8356000185012817
 65      1.008000016212463    0.08869999647140503
 66      1.008000016212463    0.08869999647140503
 67      1.008000016212463     0.4438000023365021
 68      1.008000016212463     0.4438000023365021
 69      1.008000016212463     0.4438000023365021
 70                     16     -0.755299985408783
 71                     16     -0.755299985408783
 72      12.01000022888184     0.9326000213623047
 73      12.01000022888184   -0.09520000219345093
 74      14.01000022888184    -0.8356000185012817
 75      1.008000016212463    0.08869999647140503
 76      1.008000016212463    0.08869999647140503
 77      1.008000016212463     0.4438000023365021
 78      1.008000016212463     0.4438000023365021
 79      1.008000016212463     0.4438000023365021
 80                     16     -0.755299985408783
 81                     16     -0.755299985408783
 82      12.01000022888184     0.9326000213623047
 83      12.01000022888184   -0.09520000219345093
 84      14.01000022888184    -0.8356000185012817
 85      1.008000016212463    0.08869999647140503
 86      1.008000016212463    0.08869999647140503
 87      1.008000016212463     0.4438000023365021
 88      1.008000016212463     0.4438000023365021
 89      1.008000016212463     0.4438000023365021
 90                     16     -0.755299985408783
 91                     16     -0.755299985408783
 92      12.01000022888184     0.9326000213623047
 93      12.01000022888184   -0.09520000219345093
 94      14.01000022888184    -0.8356000185012817
 95      1.008000016212463    0.08869999647140503
 96      1.008000016212463    0.08869999647140503
 97      1.008000016212463     0.4438000023365021
 98      1.008000016212463     0.4438000023365021
 99      1.008000016212463     0.4438000023365021
 100                     16     -0.755299985408783
 101                     16     -0.755299985408783
 102      12.01000022888184     0.9326000213623047
 103      12.01000022888184   -0.09520000219345093
 104      14.01000022888184    -0.8356000185012817
 105      1.008000016212463    0.08869999647140503
 106      1.008000016212463    0.08869999647140503
 107      1.008000016212463     0.4438000023365021
 108      1.008000016212463     0.4438000023365021
 109      1.008000016212463     0.4438000023365021
 110                     16     -0.755299985408783
 111                     16     -0.755299985408783
 112      12.01000022888184     0.9326000213623047
 113      12.01000022888184   -0.09520000219345093
 114      14.01000022888184    -0.8356000185012817
 115      1.008000016212463    0.08869999647140503
 116      1.008000016212463    0.08869999647140503
 117      1.008000016212463     0.4438000023365021
 118      1.008000016212463     0.4438000023365021
 119      1.008000016212463     0.4438000023365021
 120                     16     -0.755299985408783
 121                     16     -0.755299985408783
 122      12.01000022888184     0.9326000213623047
 123      12.01000022888184   -0.09520000219345093
 124      14.01000022888184    -0.8356000185012817
 125      1.008000016212463    0.08869999647140503
 126      1.008000016212463    0.08869999647140503
 127      1.008000016212463     0.4438000023365021
 128      1.008000016212463     0.4438000023365021
 129      1.008000016212463     0.4438000023365021
 130                     16     -0.755299985408783
 131                     16     -0.755299985408783
 132      12.01000022888184     0.9326000213623047
 133      12.01000022888184   -0.09520000219345093
 134      14.01000022888184    -0.8356000185012817
 135      1.008000016212463    0.08869999647140503
 136      1.008000016212463    0.08869999647140503
 137      1.008000016212463     0.4438000023365021
 138      1.008000016212463     0.4438000023365021
 139      1.008000016212463     0.4438000023365021
 140                     16     -0.755299985408783
 141                     16     -0.755299985408783
 142      12.01000022888184     0.9326000213623047
 143      12.01000022888184   -0.09520000219345093
 144      14.01000022888184    -0.8356000185012817
 145      1.008000016212463    0.08869999647140503
 146      1.008000016212463    0.08869999647140503
 147      1.008000016212463     0.4438000023365021
 148      1.008000016212463     0.4438000023365021
 149      1.008000016212463     0.4438000023365021
 150                     16     -0.755299985408783
 151                     16     -0.755299985408783
 152      12.01000022888184     0.9326000213623047
 153      12.01000022888184   -0.09520000219345093
 154      14.01000022888184    -0.8356000185012817
 155      1.008000016212463    0.08869999647140503
 156      1.008000016212463    0.08869999647140503
 157      1.008000016212463     0.4438000023365021
 158      1.008000016212463     0.4438000023365021
 159      1.008000016212463     0.4438000023365021
 160                     16     -0.755299985408783
 161                     16     -0.755299985408783
 162      12.01000022888184     0.9326000213623047
 163      12.01000022888184   -0.09520000219345093
 164      14.01000022888184    -0.8356000185012817
 165      1.008000016212463    0.08869999647140503
 166      1.008000016212463    0.08869999647140503
 167      1.008000016212463     0.4438000023365021
 168      1.008000016212463     0.4438000023365021
 169      1.008000016212463     0.4438000023365021
 170                     16     -0.755299985408783
 171                     16     -0.755299985408783
 172      12.01000022888184     0.9326000213623047
 173      12.01000022888184   -0.09520000219345093
 174      14.01000022888184    -0.8356000185012817
 175      1.008000016212463    0.08869999647140503
 176      1.008000016212463    0.08869999647140503
 177      1.008000016212463     0.4438000023365021
 178      1.008000016212463     0.4438000023365021
 179      1.008000016212463     0.4438000023365021
 180                     16     -0.755299985408783
 181                     16     -0.755299985408783
 182      12.01000022888184     0.9326000213623047
 183      12.01000022888184   -0.09520000219345093
 184      14.01000022888184    -0.8356000185012817
 185      1.008000016212463    0.08869999647140503
 186      1.008000016212463    0.08869999647140503
 187      1.008000016212463     0.4438000023365021
 188      1.008000016212463     0.4438000023365021
 189      1.008000016212463     0.4438000023365021
 190                     16     -0.755299985408783
 191                     16     -0.755299985408783
 192      12.01000022888184     0.9326000213623047
 193      12.01000022888184   -0.09520000219345093
 194      14.01000022888184    -0.8356000185012817
 195      1.008000016212463    0.08869999647140503
 196      1.008000016212463    0.08869999647140503
 197      1.008000016212463     0.4438000023365021
 198      1.008000016212463     0.4438000023365021
 199      1.008000016212463     0.4438000023365021
 200                     16     -0.755299985408783
 201                     16     -0.755299985408783
 202      12.01000022888184     0.9326000213623047
 203      12.01000022888184   -0.09520000219345093
 204      14.01000022888184    -0.8356000185012817
 205      1.008000016212463    0.08869999647140503
 206      1.008000016212463    0.08869999647140503
 207      1.008000016212463     0.4438000023365021
 208      1.008000016212463     0.4438000023365021
 209      1.008000016212463     0.4438000023365021
 210                     16     -0.755299985408783
 211                     16     -0.755299985408783
 212      12.01000022888184     0.9326000213623047
 213      12.01000022888184   -0.09520000219345093
 214      14.01000022888184    -0.8356000185012817
 215      1.008000016212463    0.08869999647140503
 216      1.008000016212463    0.08869999647140503
 217      1.008000016212463     0.4438000023365021
 218      1.008000016212463     0.4438000023365021
 219      1.008000016212463     0.4438000023365021
 220                     16     -0.755299985408783
 221                     16     -0.755299985408783
 222      12.01000022888184     0.9326000213623047
 223      12.01000022888184   -0.09520000219345093
 224      14.01000022888184    -0.8356000185012817
 225      1.008000016212463    0.08869999647140503
 226      1.008000016212463    0.08869999647140503
 227      1.008000016212463     0.4438000023365021
 228      1.008000016212463     0.4438000023365021
 229      1.008000016212463     0.4438000023365021
 230                     16     -0.755299985408783
 231                     16     -0.755299985408783
 232      12.01000022888184     0.9326000213623047
 233      12.01000022888184   -0.09520000219345093
 234      14.01000022888184    -0.8356000185012817
 235      1.008000016212463    0.08869999647140503
 236      1.008000016212463    0.08869999647140503
 237      1.008000016212463     0.4438000023365021
 238      1.008000016212463     0.4438000023365021
 239      1.008000016212463     0.4438000023365021
 240                     16     -0.755299985408783
 241                     16     -0.755299985408783
 242      12.01000022888184     0.9326000213623047
 243      12.01000022888184   -0.09520000219345093
 244      14.01000022888184    -0.8356000185012817
 245      1.008000016212463    0.08869999647140503
 246      1.008000016212463    0.08869999647140503
 247      1.008000016212463     0.4438000023365021
 248      1.008000016212463     0.4438000023365021
 249      1.008000016212463     0.4438000023365021
 250                     16     -0.755299985408783
 251                     16     -0.755299985408783
 252      12.01000022888184     0.9326000213623047
 253      12.01000022888184   -0.09520000219345093
 254      14.01000022888184    -0.8356000185012817
 255      1.008000016212463    0.08869999647140503
 256      1.008000016212463    0.08869999647140503
 257      1.008000016212463     0.4438000023365021
 258      1.008000016212463     0.4438000023365021
 259      1.008000016212463     0.4438000023365021
 260                     16     -0.755299985408783
 261                     16     -0.755299985408783
 262      12.01000022888184     0.9326000213623047
 263      12.01000022888184   -0.09520000219345093
 264      14.01000022888184    -0.8356000185012817
 265      1.008000016212463    0.08869999647140503
 266      1.008000016212463    0.08869999647140503
 267      1.008000016212463     0.4438000023365021
 268      1.008000016212463     0.4438000023365021
 269      1.008000016212463     0.4438000023365021
 270                     16     -0.755299985408783
 271                     16     -0.755299985408783
 272      12.01000022888184     0.9326000213623047
 273      12.01000022888184   -0.09520000219345093
 274      14.01000022888184    -0.8356000185012817
 275      1.008000016212463    0.08869999647140503
 276      1.008000016212463    0.08869999647140503
 277      1.008000016212463     0.4438000023365021
 278      1.008000016212463     0.4438000023365021
 279      1.008000016212463     0.4438000023365021
 280                     16     -0.755299985408783
 281                     16     -0.755299985408783
 282      12.01000022888184     0.9326000213623047
 283      12.01000022888184   -0.09520000219345093
 284      14.01000022888184    -0.8356000185012817
 285      1.008000016212463    0.08869999647140503
 286      1.008000016212463    0.08869999647140503
 287      1.008000016212463     0.4438000023365021
 288      1.008000016212463     0.4438000023365021
 289      1.008000016212463     0.4438000023365021
 290                     16     -0.755299985408783
 291                     16     -0.755299985408783
 292      12.01000022888184     0.9326000213623047
 293      12.01000022888184   -0.09520000219345093
 294      14.01000022888184    -0.8356000185012817
 295      1.008000016212463    0.08869999647140503
 296      1.008000016212463    0.08869999647140503
 297      1.008000016212463     0.4438000023365021
 298      1.008000016212463     0.4438000023365021
 299      1.008000016212463     0.4438000023365021
 300                     16     -0.755299985408783
 301                     16     -0.755299985408783
 302      12.01000022888184     0.9326000213623047
 303      12.01000022888184   -0.09520000219345093
 304      14.01000022888184    -0.8356000185012817
 305      1.008000016212463    0.08869999647140503
 306      1.008000016212463    0.08869999647140503
 307      1.008000016212463     0.4438000023365021
 308      1.008000016212463     0.4438000023365021
 309      1.008000016212463     0.4438000023365021
 310                     16     -0.755299985408783
 311                     16     -0.755299985408783
 312      12.01000022888184     0.9326000213623047
 313      12.01000022888184   -0.09520000219345093
 314      14.01000022888184    -0.8356000185012817
 315      1.008000016212463    0.08869999647140503
 316      1.008000016212463    0.08869999647140503
 317      1.008000016212463     0.4438000023365021
 318      1.008000016212463     0.4438000023365021
 319      1.008000016212463     0.4438000023365021
 320                     16     -0.755299985408783
 321                     16     -0.755299985408783
 322      12.01000022888184     0.9326000213623047
 323      12.01000022888184   -0.09520000219345093
 324      14.01000022888184    -0.8356000185012817
 325      1.008000016212463    0.08869999647140503
 326      1.008000016212463    0.08869999647140503
 327      1.008000016212463     0.4438000023365021
 328      1.008000016212463     0.4438000023365021
 329      1.008000016212463     0.4438000023365021
 330                     16     -0.755299985408783
 331                     16     -0.755299985408783
 332      12.01000022888184     0.9326000213623047
 333      12.01000022888184   -0.09520000219345093
 334      14.01000022888184    -0.8356000185012817
 335      1.008000016212463    0.08869999647140503
 336      1.008000016212463    0.08869999647140503
 337      1.008000016212463     0.4438000023365021
 338      1.008000016212463     0.4438000023365021
 339      1.008000016212463     0.4438000023365021
 340                     16     -0.755299985408783
 341                     16     -0.755299985408783
 342      12.01000022888184     0.9326000213623047
 343      12.01000022888184   -0.09520000219345093
 344      14.01000022888184    -0.8356000185012817
 345      1.008000016212463    0.08869999647140503
 346      1.008000016212463    0.08869999647140503
 347      1.008000016212463     0.4438000023365021
 348      1.008000016212463     0.4438000023365021
 349      1.008000016212463     0.4438000023365021
 350                     16     -0.755299985408783
 351                     16     -0.755299985408783
 352      12.01000022888184     0.9326000213623047
 353      12.01000022888184   -0.09520000219345093
 354      14.01000022888184    -0.8356000185012817
 355      1.008000016212463    0.08869999647140503
 356      1.008000016212463    0.08869999647140503
 357      1.008000016212463     0.4438000023365021
 358      1.008000016212463     0.4438000023365021
 359      1.008000016212463     0.4438000023365021
 360                     16     -0.755299985408783
 361                     16     -0.755299985408783
 362      12.01000022888184     0.9326000213623047
 363      12.01000022888184   -0.09520000219345093
 364      14.01000022888184    -0.8356000185012817
 365      1.008000016212463    0.08869999647140503
 366      1.008000016212463    0.08869999647140503
 367      1.008000016212463     0.4438000023365021
 368      1.008000016212463     0.4438000023365021
 369      1.008000016212463     0.4438000023365021
 370                     16     -0.755299985408783
 371                     16     -0.755299985408783
 372      12.01000022888184     0.9326000213623047
 373      12.01000022888184   -0.09520000219345093
 374      14.01000022888184    -0.8356000185012817
 375      1.008000016212463    0.08869999647140503
 376      1.008000016212463    0.08869999647140503
 377      1.008000016212463     0.4438000023365021
 378      1.008000016212463     0.4438000023365021
 379      1.008000016212463     0.4438000023365021
 380                     16     -0.755299985408783
 381                     16     -0.755299985408783
 382      12.01000022888184     0.9326000213623047
 383      12.01000022888184   -0.09520000219345093
 384      14.01000022888184    -0.8356000185012817
 385      1.008000016212463    0.08869999647140503
 386      1.008000016212463    0.08869999647140503
 387      1.008000016212463     0.4438000023365021
 388      1.008000016212463     0.4438000023365021
 389      1.008000016212463     0.4438000023365021
 390                     16     -0.755299985408783
 391                     16     -0.755299985408783
 392      12.01000022888184     0.9326000213623047
 393      12.01000022888184   -0.09520000219345093
 394      14.01000022888184    -0.8356000185012817
 395      1.008000016212463    0.08869999647140503
 396      1.008000016212463    0.08869999647140503
 397      1.008000016212463     0.4438000023365021
 398      1.008000016212463     0.4438000023365021
 399      1.008000016212463     0.4438000023365021
 400                     16     -0.755299985408783
 401                     16     -0.755299985408783
 402      12.01000022888184     0.9326000213623047
 403      12.01000022888184   -0.09520000219345093
 404      14.01000022888184    -0.8356000185012817
 405      1.008000016212463    0.08869999647140503
 406      1.008000016212463    0.08869999647140503
 407      1.008000016212463     0.4438000023365021
 408      1.008000016212463     0.4438000023365021
 409      1.008000016212463     0.4438000023365021
 410                     16     -0.755299985408783
 411                     16     -0.755299985408783
 412      12.01000022888184     0.9326000213623047
 413      12.01000022888184   -0.09520000219345093
 414      14.01000022888184    -0.8356000185012817
 415      1.008000016212463    0.08869999647140503
 416      1.008000016212463    0.08869999647140503
 417      1.008000016212463     0.4438000023365021
 418      1.008000016212463     0.4438000023365021
 419      1.008000016212463     0.4438000023365021
 420                     16     -0.755299985408783
 421                     16     -0.755299985408783
 422      12.01000022888184     0.9326000213623047
 423      12.01000022888184   -0.09520000219345093
 424      14.01000022888184    -0.8356000185012817
 425      1.008000016212463    0.08869999647140503
 426      1.008000016212463    0.08869999647140503
 427      1.008000016212463     0.4438000023365021
 428      1.008000016212463     0.4438000023365021
 429      1.008000016212463     0.4438000023365021
 430                     16     -0.755299985408783
 431                     16     -0.755299985408783
 432      12.01000022888184     0.9326000213623047
 433      12.01000022888184   -0.09520000219345093
 434      14.01000022888184    -0.8356000185012817
 435      1.008000016212463    0.08869999647140503
 436      1.008000016212463    0.08869999647140503
 437      1.008000016212463     0.4438000023365021
 438      1.008000016212463     0.4438000023365021
 439      1.008000016212463     0.4438000023365021
 440                     16     -0.755299985408783
 441                     16     -0.755299985408783
 442      12.01000022888184     0.9326000213623047
 443      12.01000022888184   -0.09520000219345093
 444      14.01000022888184    -0.8356000185012817
 445      1.008000016212463    0.08869999647140503
 446      1.008000016212463    0.08869999647140503
 447      1.008000016212463     0.4438000023365021
 448      1.008000016212463     0.4438000023365021
 449      1.008000016212463     0.4438000023365021
 450                     16     -0.755299985408783
 451                     16     -0.755299985408783
 452      12.01000022888184     0.9326000213623047
 453      12.01000022888184   -0.09520000219345093
 454      14.01000022888184    -0.8356000185012817
 455      1.008000016212463    0.08869999647140503
 456      1.008000016212463    0.08869999647140503
 457      1.008000016212463     0.4438000023365021
 458      1.008000016212463     0.4438000023365021
 459      1.008000016212463     0.4438000023365021
 460                     16     -0.755299985408783
 461                     16     -0.755299985408783
 462      12.01000022888184     0.9326000213623047
 463      12.01000022888184   -0.09520000219345093
 464      14.01000022888184    -0.8356000185012817
 465      1.008000016212463    0.08869999647140503
 466      1.008000016212463    0.08869999647140503
 467      1.008000016212463     0.4438000023365021
 468      1.008000016212463     0.4438000023365021
 469      1.008000016212463     0.4438000023365021
 470                     16     -0.755299985408783
 471                     16     -0.755299985408783
 472      12.01000022888184     0.9326000213623047
 473      12.01000022888184   -0.09520000219345093
 474      14.01000022888184    -0.8356000185012817
 475      1.008000016212463    0.08869999647140503
 476      1.008000016212463    0.08869999647140503
 477      1.008000016212463     0.4438000023365021
 478      1.008000016212463     0.4438000023365021
 479      1.008000016212463     0.4438000023365021
 480                     16     -0.755299985408783
 481                     16     -0.755299985408783
 482      12.01000022888184     0.9326000213623047
 483      12.01000022888184   -0.09520000219345093
 484      14.01000022888184    -0.8356000185012817
 485      1.008000016212463    0.08869999647140503
 486      1.008000016212463    0.08869999647140503
 487      1.008000016212463     0.4438000023365021
 488      1.008000016212463     0.4438000023365021
 489      1.008000016212463     0.4438000023365021
 490                     16     -0.755299985408783
 491                     16     -0.755299985408783
 492      12.01000022888184     0.9326000213623047
 493      12.01000022888184   -0.09520000219345093
 494      14.01000022888184    -0.8356000185012817
 495      1.008000016212463    0.08869999647140503
 496      1.008000016212463    0.08869999647140503
 497      1.008000016212463     0.4438000023365021
 498      1.008000016212463     0.4438000023365021
 499      1.008000016212463     0.4438000023365021
 500                     16     -0.755299985408783
 501                     16     -0.755299985408783
 502      12.01000022888184     0.9326000213623047
 503      12.01000022888184   -0.09520000219345093
 504      14.01000022888184    -0.8356000185012817
 505      1.008000016212463    0.08869999647140503
 506      1.008000016212463    0.08869999647140503
 507      1.008000016212463     0.4438000023365021
 508      1.008000016212463     0.4438000023365021
 509      1.008000016212463     0.4438000023365021
 510                     16     -0.755299985408783
 511                     16     -0.755299985408783
 512      12.01000022888184     0.9326000213623047
 513      12.01000022888184   -0.09520000219345093
 514      14.01000022888184    -0.8356000185012817
 515      1.008000016212463    0.08869999647140503
 516      1.008000016212463    0.08869999647140503
 517      1.008000016212463     0.4438000023365021
 518      1.008000016212463     0.4438000023365021
 519      1.008000016212463     0.4438000023365021
 520                     16     -0.755299985408783
 521                     16     -0.755299985408783
 522      12.01000022888184     0.9326000213623047
 523      12.01000022888184   -0.09520000219345093
 524      14.01000022888184    -0.8356000185012817
 525      1.008000016212463    0.08869999647140503
 526      1.008000016212463    0.08869999647140503
 527      1.008000016212463     0.4438000023365021
 528      1.008000016212463     0.4438000023365021
 529      1.008000016212463     0.4438000023365021
 530                     16     -0.755299985408783
 531                     16     -0.755299985408783
 532      12.01000022888184     0.9326000213623047
 533      12.01000022888184   -0.09520000219345093
 534      14.01000022888184    -0.8356000185012817
 535      1.008000016212463    0.08869999647140503
 536      1.008000016212463    0.08869999647140503
 537      1.008000016212463     0.4438000023365021
 538      1.008000016212463     0.4438000023365021
 539      1.008000016212463     0.4438000023365021
 540                     16     -0.755299985408783
 541                     16     -0.755299985408783
 542      12.01000022888184     0.9326000213623047
 543      12.01000022888184   -0.09520000219345093
 544      14.01000022888184    -0.8356000185012817
 545      1.008000016212463    0.08869999647140503
 546      1.008000016212463    0.08869999647140503
 547      1.008000016212463     0.4438000023365021
 548      1.008000016212463     0.4438000023365021
 549      1.008000016212463     0.4438000023365021
 550                     16     -0.755299985408783
 551                     16     -0.755299985408783
 552      12.01000022888184     0.9326000213623047
 553      12.01000022888184   -0.09520000219345093
 554      14.01000022888184    -0.8356000185012817
 555      1.008000016212463    0.08869999647140503
 556      1.008000016212463    0.08869999647140503
 557      1.008000016212463     0.4438000023365021
 558      1.008000016212463     0.4438000023365021
 559      1.008000016212463     0.4438000023365021
 560                     16     -0.755299985408783
 561                     16     -0.755299985408783
 562      12.01000022888184     0.9326000213623047
 563      12.01000022888184   -0.09520000219345093
 564      14.01000022888184    -0.8356000185012817
 565      1.008000016212463    0.08869999647140503
 566      1.008000016212463    0.08869999647140503
 567      1.008000016212463     0.4438000023365021
 568      1.008000016212463     0.4438000023365021
 569      1.008000016212463     0.4438000023365021
 570                     16     -0.755299985408783
 571                     16     -0.755299985408783
 572      12.01000022888184     0.9326000213623047
 573      12.01000022888184   -0.09520000219345093
 574      14.01000022888184    -0.8356000185012817
 575      1.008000016212463    0.08869999647140503
 576      1.008000016212463    0.08869999647140503
 577      1.008000016212463     0.4438000023365021
 578      1.008000016212463     0.4438000023365021
 579      1.008000016212463     0.4438000023365021
 580                     16     -0.755299985408783
 581                     16     -0.755299985408783
 582      12.01000022888184     0.9326000213623047
 583      12.01000022888184   -0.09520000219345093
 584      14.01000022888184    -0.8356000185012817
 585      1.008000016212463    0.08869999647140503
 586      1.008000016212463    0.08869999647140503
 587      1.008000016212463     0.4438000023365021
 588      1.008000016212463     0.4438000023365021
 589      1.008000016212463     0.4438000023365021
 590                     16     -0.755299985408783
 591                     16     -0.755299985408783
 592      12.01000022888184     0.9326000213623047
 593      12.01000022888184   -0.09520000219345093
 594      14.01000022888184    -0.8356000185012817
 595      1.008000016212463    0.08869999647140503
 596      1.008000016212463    0.08869999647140503
 597      1.008000016212463     0.4438000023365021
 598      1.008000016212463     0.4438000023365021
 599      1.008000016212463     0.4438000023365021
 600                     16     -0.755299985408783
 601                     16     -0.755299985408783
 602      12.01000022888184     0.9326000213623047
 603      12.01000022888184   -0.09520000219345093
 604      14.01000022888184    -0.8356000185012817
 605      1.008000016212463    0.08869999647140503
 606      1.008000016212463    0.08869999647140503
 607      1.008000016212463     0.4438000023365021
 608      1.008000016212463     0.4438000023365021
 609      1.008000016212463     0.4438000023365021
 610                     16     -0.755299985408783
 611                     16     -0.755299985408783
 612      12.01000022888184     0.9326000213623047
 613      12.01000022888184   -0.09520000219345093
 614      14.01000022888184    -0.8356000185012817
 615      1.008000016212463    0.08869999647140503
 616      1.008000016212463    0.08869999647140503
 617      1.008000016212463     0.4438000023365021
 618      1.008000016212463     0.4438000023365021
 619      1.008000016212463     0.4438000023365021
 620                     16     -0.755299985408783
 621                     16     -0.755299985408783
 622      12.01000022888184     0.9326000213623047
 623      12.01000022888184   -0.09520000219345093
 624      14.01000022888184    -0.8356000185012817
 625      1.008000016212463    0.08869999647140503
 626      1.008000016212463    0.08869999647140503
 627      1.008000016212463     0.4438000023365021
 628      1.008000016212463     0.4438000023365021
 629      1.008000016212463     0.4438000023365021
 630                     16     -0.755299985408783
 631                     16     -0.755299985408783
 632      12.01000022888184     0.9326000213623047
 633      12.01000022888184   -0.09520000219345093
 634      14.01000022888184    -0.8356000185012817
 635      1.008000016212463    0.08869999647140503
 636      1.008000016212463    0.08869999647140503
 637      1.008000016212463     0.4438000023365021
 638      1.008000016212463     0.4438000023365021
 639      1.008000016212463     0.4438000023365021
 640                     16     -0.755299985408783
 641                     16     -0.755299985408783
 642      12.01000022888184     0.9326000213623047
 643      12.01000022888184   -0.09520000219345093
 644      14.01000022888184    -0.8356000185012817
 645      1.008000016212463    0.08869999647140503
 646      1.008000016212463    0.08869999647140503
 647      1.008000016212463     0.4438000023365021
 648      1.008000016212463     0.4438000023365021
 649      1.008000016212463     0.4438000023365021
 650                     16     -0.755299985408783
 651                     16     -0.755299985408783
 652      12.01000022888184     0.9326000213623047
 653      12.01000022888184   -0.09520000219345093
 654      14.01000022888184    -0.8356000185012817
 655      1.008000016212463    0.08869999647140503
 656      1.008000016212463    0.08869999647140503
 657      1.008000016212463     0.4438000023365021
 658      1.008000016212463     0.4438000023365021
 659      1.008000016212463     0.4438000023365021
 660                     16     -0.755299985408783
 661                     16     -0.755299985408783
 662      12.01000022888184     0.9326000213623047
 663      12.01000022888184   -0.09520000219345093
 664      14.01000022888184    -0.8356000185012817
 665      1.008000016212463    0.08869999647140503
 666      1.008000016212463    0.08869999647140503
 667      1.008000016212463     0.4438000023365021
 668      1.008000016212463     0.4438000023365021
 669      1.008000016212463     0.4438000023365021
 670                     16     -0.755299985408783
 671                     16     -0.755299985408783
 672      12.01000022888184     0.9326000213623047
 673      12.01000022888184   -0.09520000219345093
 674      14.01000022888184    -0.8356000185012817
 675      1.008000016212463    0.08869999647140503
 676      1.008000016212463    0.08869999647140503
 677      1.008000016212463     0.4438000023365021
 678      1.008000016212463     0.4438000023365021
 679      1.008000016212463     0.4438000023365021
 680                     16     -0.755299985408783
 681                     16     -0.755299985408783
 682      12.01000022888184     0.9326000213623047
 683      12.01000022888184   -0.09520000219345093
 684      14.01000022888184    -0.8356000185012817
 685      1.008000016212463    0.08869999647140503
 686      1.008000016212463    0.08869999647140503
 687      1.008000016212463     0.4438000023365021
 688      1.008000016212463     0.4438000023365021
 689      1.008000016212463     0.4438000023365021
 690                     16     -0.755299985408783
 691                     16     -0.755299985408783
 692      12.01000022888184     0.9326000213623047
 693      12.01000022888184   -0.09520000219345093
 694      14.01000022888184    -0.8356000185012817
 695      1.008000016212463    0.08869999647140503
 696      1.008000016212463    0.08869999647140503
 697      1.008000016212463     0.4438000023365021
 698      1.008000016212463     0.4438000023365021
 699      1.008000016212463     0.4438000023365021
 700                     16     -0.755299985408783
 701                     16     -0.755299985408783
 702      12.01000022888184     0.9326000213623047
 703      12.01000022888184   -0.09520000219345093
 704      14.01000022888184    -0.8356000185012817
 705      1.008000016212463    0.08869999647140503
 706      1.008000016212463    0.08869999647140503
 707      1.008000016212463     0.4438000023365021
 708      1.008000016212463     0.4438000023365021
 709      1.008000016212463     0.4438000023365021
 710                     16     -0.755299985408783
 711                     16     -0.755299985408783
 712      12.01000022888184     0.9326000213623047
 713      12.01000022888184   -0.09520000219345093
 714      14.01000022888184    -0.8356000185012817
 715      1.008000016212463    0.08869999647140503
 716      1.008000016212463    0.08869999647140503
 717      1.008000016212463     0.4438000023365021
 718      1.008000016212463     0.4438000023365021
 719      1.008000016212463     0.4438000023365021
 720                     16     -0.755299985408783
 721                     16     -0.755299985408783
 722      12.01000022888184     0.9326000213623047
 723      12.01000022888184   -0.09520000219345093
 724      14.01000022888184    -0.8356000185012817
 725      1.008000016212463    0.08869999647140503
 726      1.008000016212463    0.08869999647140503
 727      1.008000016212463     0.4438000023365021
 728      1.008000016212463     0.4438000023365021
 729      1.008000016212463     0.4438000023365021
 730                     16     -0.755299985408783
 731                     16     -0.755299985408783
 732      12.01000022888184     0.9326000213623047
 733      12.01000022888184   -0.09520000219345093
 734      14.01000022888184    -0.8356000185012817
 735      1.008000016212463    0.08869999647140503
 736      1.008000016212463    0.08869999647140503
 737      1.008000016212463     0.4438000023365021
 738      1.008000016212463     0.4438000023365021
 739      1.008000016212463     0.4438000023365021
 740                     16     -0.755299985408783
 741                     16     -0.755299985408783
 742      12.01000022888184     0.9326000213623047
 743      12.01000022888184   -0.09520000219345093
 744      14.01000022888184    -0.8356000185012817
 745      1.008000016212463    0.08869999647140503
 746      1.008000016212463    0.08869999647140503
 747      1.008000016212463     0.4438000023365021
 748      1.008000016212463     0.4438000023365021
 749      1.008000016212463     0.4438000023365021
 750                     16     -0.755299985408783
 751                     16     -0.755299985408783
 752      12.01000022888184     0.9326000213623047
 753      12.01000022888184   -0.09520000219345093
 754      14.01000022888184    -0.8356000185012817
 755      1.008000016212463    0.08869999647140503
 756      1.008000016212463    0.08869999647140503
 757      1.008000016212463     0.4438000023365021
 758      1.008000016212463     0.4438000023365021
 759      1.008000016212463     0.4438000023365021
 760                     16     -0.755299985408783
 761                     16     -0.755299985408783
 762      12.01000022888184     0.9326000213623047
 763      12.01000022888184   -0.09520000219345093
 764      14.01000022888184    -0.8356000185012817
 765      1.008000016212463    0.08869999647140503
 766      1.008000016212463    0.08869999647140503
 767      1.008000016212463     0.4438000023365021
 768      1.008000016212463     0.4438000023365021
 769      1.008000016212463     0.4438000023365021
 770                     16     -0.755299985408783
 771                     16     -0.755299985408783
 772      12.01000022888184     0.9326000213623047
 773      12.01000022888184   -0.09520000219345093
 774      14.01000022888184    -0.8356000185012817
 775      1.008000016212463    0.08869999647140503
 776      1.008000016212463    0.08869999647140503
 777      1.008000016212463     0.4438000023365021
 778      1.008000016212463     0.4438000023365021
 779      1.008000016212463     0.4438000023365021
 780                     16     -0.755299985408783
 781                     16     -0.755299985408783
 782      12.01000022888184     0.9326000213623047
 783      12.01000022888184   -0.09520000219345093
 784      14.01000022888184    -0.8356000185012817
 785      1.008000016212463    0.08869999647140503
 786      1.008000016212463    0.08869999647140503
 787      1.008000016212463     0.4438000023365021
 788      1.008000016212463     0.4438000023365021
 789      1.008000016212463     0.4438000023365021
 790                     16     -0.755299985408783
 791                     16     -0.755299985408783
 792      12.01000022888184     0.9326000213623047
 793      12.01000022888184   -0.09520000219345093
 794      14.01000022888184    -0.8356000185012817
 795      1.008000016212463    0.08869999647140503
 796      1.008000016212463    0.08869999647140503
 797      1.008000016212463     0.4438000023365021
 798      1.008000016212463     0.4438000023365021
 799      1.008000016212463     0.4438000023365021
 800                     16     -0.755299985408783
 801                     16     -0.755299985408783
 802      12.01000022888184     0.9326000213623047
 803      12.01000022888184   -0.09520000219345093
 804      14.01000022888184    -0.8356000185012817
 805      1.008000016212463    0.08869999647140503
 806      1.008000016212463    0.08869999647140503
 807      1.008000016212463     0.4438000023365021
 808      1.008000016212463     0.4438000023365021
 809      1.008000016212463     0.4438000023365021
 810                     16     -0.755299985408783
 811                     16     -0.755299985408783
 812      12.01000022888184     0.9326000213623047
 813      12.01000022888184   -0.09520000219345093
 814      14.01000022888184    -0.8356000185012817
 815      1.008000016212463    0.08869999647140503
 816      1.008000016212463    0.08869999647140503
 817      1.008000016212463     0.4438000023365021
 818      1.008000016212463     0.4438000023365021
 819      1.008000016212463     0.4438000023365021
 820                     16     -0.755299985408783
 821                     16     -0.755299985408783
 822      12.01000022888184     0.9326000213623047
 823      12.01000022888184   -0.09520000219345093
 824      14.01000022888184    -0.8356000185012817
 825      1.008000016212463    0.08869999647140503
 826      1.008000016212463    0.08869999647140503
 827      1.008000016212463     0.4438000023365021
 828      1.008000016212463     0.4438000023365021
 829      1.008000016212463     0.4438000023365021
 830                     16     -0.755299985408783
 831                     16     -0.755299985408783
 832      12.01000022888184     0.9326000213623047
 833      12.01000022888184   -0.09520000219345093
 834      14.01000022888184    -0.8356000185012817
 835      1.008000016212463    0.08869999647140503
 836      1.008000016212463    0.08869999647140503
 837      1.008000016212463     0.4438000023365021
 838      1.008000016212463     0.4438000023365021
 839      1.008000016212463     0.4438000023365021
 840                     16     -0.755299985408783
 841                     16     -0.755299985408783
 842      12.01000022888184     0.9326000213623047
 843      12.01000022888184   -0.09520000219345093
 844      14.01000022888184    -0.8356000185012817
 845      1.008000016212463    0.08869999647140503
 846      1.008000016212463    0.08869999647140503
 847      1.008000016212463     0.4438000023365021
 848      1.008000016212463     0.4438000023365021
 849      1.008000016212463     0.4438000023365021
 850                     16     -0.755299985408783
 851                     16     -0.755299985408783
 852      12.01000022888184     0.9326000213623047
 853      12.01000022888184   -0.09520000219345093
 854      14.01000022888184    -0.8356000185012817
 855      1.008000016212463    0.08869999647140503
 856      1.008000016212463    0.08869999647140503
 857      1.008000016212463     0.4438000023365021
 858      1.008000016212463     0.4438000023365021
 859      1.008000016212463     0.4438000023365021
 860                     16     -0.755299985408783
 861                     16     -0.755299985408783
 862      12.01000022888184     0.9326000213623047
 863      12.01000022888184   -0.09520000219345093
 864      14.01000022888184    -0.8356000185012817
 865      1.008000016212463    0.08869999647140503
 866      1.008000016212463    0.08869999647140503
 867      1.008000016212463     0.4438000023365021
 868      1.008000016212463     0.4438000023365021
 869      1.008000016212463     0.4438000023365021
 870                     16     -0.755299985408783
 871                     16     -0.755299985408783
 872      12.01000022888184     0.9326000213623047
 873      12.01000022888184   -0.09520000219345093
 874      14.01000022888184    -0.8356000185012817
 875      1.008000016212463    0.08869999647140503
 876      1.008000016212463    0.08869999647140503
 877      1.008000016212463     0.4438000023365021
 878      1.008000016212463     0.4438000023365021
 879      1.008000016212463     0.4438000023365021
 880                     16     -0.755299985408783
 881                     16     -0.755299985408783
 882      12.01000022888184     0.9326000213623047
 883      12.01000022888184   -0.09520000219345093
 884      14.01000022888184    -0.8356000185012817
 885      1.008000016212463    0.08869999647140503
 886      1.008000016212463    0.08869999647140503
 887      1.008000016212463     0.4438000023365021
 888      1.008000016212463     0.4438000023365021
 889      1.008000016212463     0.4438000023365021
 890                     16     -0.755299985408783
 891                     16     -0.755299985408783
 892      12.01000022888184     0.9326000213623047
 893      12.01000022888184   -0.09520000219345093
 894      14.01000022888184    -0.8356000185012817
 895      1.008000016212463    0.08869999647140503
 896      1.008000016212463    0.08869999647140503
 897      1.008000016212463     0.4438000023365021
 898      1.008000016212463     0.4438000023365021
 899      1.008000016212463     0.4438000023365021
 900                     16     -0.755299985408783
 901                     16     -0.755299985408783
 902      12.01000022888184     0.9326000213623047
 903      12.01000022888184   -0.09520000219345093
 904      14.01000022888184    -0.8356000185012817
 905      1.008000016212463    0.08869999647140503
 906      1.008000016212463    0.08869999647140503
 907      1.008000016212463     0.4438000023365021
 908      1.008000016212463     0.4438000023365021
 909      1.008000016212463     0.4438000023365021
 910                     16     -0.755299985408783
 911                     16     -0.755299985408783
 912      12.01000022888184     0.9326000213623047
 913      12.01000022888184   -0.09520000219345093
 914      14.01000022888184    -0.8356000185012817
 915      1.008000016212463    0.08869999647140503
 916      1.008000016212463    0.08869999647140503
 917      1.008000016212463     0.4438000023365021
 918      1.008000016212463     0.4438000023365021
 919      1.008000016212463     0.4438000023365021
 920                     16     -0.755299985408783
 921                     16     -0.755299985408783
 922      12.01000022888184     0.9326000213623047
 923      12.01000022888184   -0.09520000219345093
 924      14.01000022888184    -0.8356000185012817
 925      1.008000016212463    0.08869999647140503
 926      1.008000016212463    0.08869999647140503
 927      1.008000016212463     0.4438000023365021
 928      1.008000016212463     0.4438000023365021
 929      1.008000016212463     0.4438000023365021
 930                     16     -0.755299985408783
 931                     16     -0.755299985408783
 932      12.01000022888184     0.9326000213623047
 933      12.01000022888184   -0.09520000219345093
 934      14.01000022888184    -0.8356000185012817
 935      1.008000016212463    0.08869999647140503
 936      1.008000016212463    0.08869999647140503
 937      1.008000016212463     0.4438000023365021
 938      1.008000016212463     0.4438000023365021
 939      1.008000016212463     0.4438000023365021
 940                     16     -0.755299985408783
 941                     16     -0.755299985408783
 942      12.01000022888184     0.9326000213623047
 943      12.01000022888184   -0.09520000219345093
 944      14.01000022888184    -0.8356000185012817
 945      1.008000016212463    0.08869999647140503
 946      1.008000016212463    0.08869999647140503
 947      1.008000016212463     0.4438000023365021
 948      1.008000016212463     0.4438000023365021
 949      1.008000016212463     0.4438000023365021
 950                     16     -0.755299985408783
 951                     16     -0.755299985408783
 952      12.01000022888184     0.9326000213623047
 953      12.01000022888184   -0.09520000219345093
 954      14.01000022888184    -0.8356000185012817
 955      1.008000016212463    0.08869999647140503
 956      1.008000016212463    0.08869999647140503
 957      1.008000016212463     0.4438000023365021
 958      1.008000016212463     0.4438000023365021
 959      1.008000016212463     0.4438000023365021
 960                     16     -0.755299985408783
 961                     16     -0.755299985408783
 962      12.01000022888184     0.9326000213623047
 963      12.01000022888184   -0.09520000219345093
 964      14.01000022888184    -0.8356000185012817
 965      1.008000016212463    0.08869999647140503
 966      1.008000016212463    0.08869999647140503
 967      1.008000016212463     0.4438000023365021
 968      1.008000016212463     0.4438000023365021
 969      1.008000016212463     0.4438000023365021
 970                     16     -0.755299985408783
 971                     16     -0.755299985408783
 972      12.01000022888184     0.9326000213623047
 973      12.01000022888184   -0.09520000219345093
 974      14.01000022888184    -0.8356000185012817
 975      1.008000016212463    0.08869999647140503
 976      1.008000016212463    0.08869999647140503
 977      1.008000016212463     0.4438000023365021
 978      1.008000016212463     0.4438000023365021
 979      1.008000016212463     0.4438000023365021
 980                     16     -0.755299985408783
 981                     16     -0.755299985408783
 982      12.01000022888184     0.9326000213623047
 983      12.01000022888184   -0.09520000219345093
 984      14.01000022888184    -0.8356000185012817
 985      1.008000016212463    0.08869999647140503
 986      1.008000016212463    0.08869999647140503
 987      1.008000016212463     0.4438000023365021
 988      1.008000016212463     0.4438000023365021
 989      1.008000016212463     0.4438000023365021
 990                     16     -0.755299985408783
 991                     16     -0.755299985408783
 992      12.01000022888184     0.9326000213623047
 993      12.01000022888184   -0.09520000219345093
 994      14.01000022888184    -0.8356000185012817
 995      1.008000016212463    0.08869999647140503
 996      1.008000016212463    0.08869999647140503
 997      1.008000016212463     0.4438000023365021
 998      1.008000016212463     0.4438000023365021
 999      1.008000016212463     0.4438000023365021
 1000                     16     -0.755299985408783
 1001                     16     -0.755299985408783
 1002      12.01000022888184     0.9326000213623047
 1003      12.01000022888184   -0.09520000219345093
 1004      14.01000022888184    -0.8356000185012817
 1005      1.008000016212463    0.08869999647140503
 1006      1.008000016212463    0.08869999647140503
 1007      1.008000016212463     0.4438000023365021
 1008      1.008000016212463     0.4438000023365021
 1009      1.008000016212463     0.4438000023365021
 1010                     16     -0.755299985408783
 1011                     16     -0.755299985408783
 1012      12.01000022888184     0.9326000213623047
 1013      12.01000022888184   -0.09520000219345093
 1014      14.01000022888184    -0.8356000185012817
 1015      1.008000016212463    0.08869999647140503
 1016      1.008000016212463    0.08869999647140503
 1017      1.008000016212463     0.4438000023365021
 1018      1.008000016212463     0.4438000023365021
 1019      1.008000016212463     0.4438000023365021
 1020                     16     -0.755299985408783
 1021                     16     -0.755299985408783
 1022      12.01000022888184     0.9326000213623047
 1023      12.01000022888184   -0.09520000219345093
 1024      14.01000022888184    -0.8356000185012817
 1025      1.008000016212463    0.08869999647140503
 1026      1.008000016212463    0.08869999647140503
 1027      1.008000016212463     0.4438000023365021
 1028      1.008000016212463     0.4438000023365021
 1029      1.008000016212463     0.4438000023365021
 1030                     16     -0.755299985408783
 1031                     16     -0.755299985408783
 1032      12.01000022888184     0.9326000213623047
 1033      12.01000022888184   -0.09520000219345093
 1034      14.01000022888184    -0.8356000185012817
 1035      1.008000016212463    0.08869999647140503
 1036      1.008000016212463    0.08869999647140503
 1037      1.008000016212463     0.4438000023365021
 1038      1.008000016212463     0.4438000023365021
 1039      1.008000016212463     0.4438000023365021
 1040                     16     -0.755299985408783
 1041                     16     -0.755299985408783
 1042      12.01000022888184     0.9326000213623047
 1043      12.01000022888184   -0.09520000219345093
 1044      14.01000022888184    -0.8356000185012817
 1045      1.008000016212463    0.08869999647140503
 1046      1.008000016212463    0.08869999647140503
 1047      1.008000016212463     0.4438000023365021
 1048      1.008000016212463     0.4438000023365021
 1049      1.008000016212463     0.4438000023365021
 1050                     16     -0.755299985408783
 1051                     16     -0.755299985408783
 1052      12.01000022888184     0.9326000213623047
 1053      12.01000022888184   -0.09520000219345093
 1054      14.01000022888184    -0.8356000185012817
 1055      1.008000016212463    0.08869999647140503
 1056      1.008000016212463    0.08869999647140503
 1057      1.008000016212463     0.4438000023365021
 1058      1.008000016212463     0.4438000023365021
 1059      1.008000016212463     0.4438000023365021
 1060                     16     -0.755299985408783
 1061                     16     -0.755299985408783
 1062      12.01000022888184     0.9326000213623047
 1063      12.01000022888184   -0.09520000219345093
 1064      14.01000022888184    -0.8356000185012817
 1065      1.008000016212463    0.08869999647140503
 1066      1.008000016212463    0.08869999647140503
 1067      1.008000016212463     0.4438000023365021
 1068      1.008000016212463     0.4438000023365021
 1069      1.008000016212463     0.4438000023365021
 1070                     16     -0.755299985408783
 1071                     16     -0.755299985408783
 1072      12.01000022888184     0.9326000213623047
 1073      12.01000022888184   -0.09520000219345093
 1074      14.01000022888184    -0.8356000185012817
 1075      1.008000016212463    0.08869999647140503
 1076      1.008000016212463    0.08869999647140503
 1077      1.008000016212463     0.4438000023365021
 1078      1.008000016212463     0.4438000023365021
 1079      1.008000016212463     0.4438000023365021
 1080                     16     -0.755299985408783
 1081                     16     -0.755299985408783
 1082      12.01000022888184     0.9326000213623047
 1083      12.01000022888184   -0.09520000219345093
 1084      14.01000022888184    -0.8356000185012817
 1085      1.008000016212463    0.08869999647140503
 1086      1.008000016212463    0.08869999647140503
 1087      1.008000016212463     0.4438000023365021
 1088      1.008000016212463     0.4438000023365021
 1089      1.008000016212463     0.4438000023365021
 1090                     16     -0.755299985408783
 1091                     16     -0.755299985408783
 1092      12.01000022888184     0.9326000213623047
 1093      12.01000022888184   -0.09520000219345093
 1094      14.01000022888184    -0.8356000185012817
 1095      1.008000016212463    0.08869999647140503
 1096      1.008000016212463    0.08869999647140503
 1097      1.008000016212463     0.4438000023365021
 1098      1.008000016212463     0.4438000023365021
 1099      1.008000016212463     0.4438000023365021
 1100                     16     -0.755299985408783
 1101                     16     -0.755299985408783
 1102      12.01000022888184     0.9326000213623047
 1103      12.01000022888184   -0.09520000219345093
 1104      14.01000022888184    -0.8356000185012817
 1105      1.008000016212463    0.08869999647140503
 1106      1.008000016212463    0.08869999647140503
 1107      1.008000016212463     0.4438000023365021
 1108      1.008000016212463     0.4438000023365021
 1109      1.008000016212463     0.4438000023365021
 1110                     16     -0.755299985408783
 1111                     16     -0.755299985408783
 1112      12.01000022888184     0.9326000213623047
 1113      12.01000022888184   -0.09520000219345093
 1114      14.01000022888184    -0.8356000185012817
 1115      1.008000016212463    0.08869999647140503
 1116      1.008000016212463    0.08869999647140503
 1117      1.008000016212463     0.4438000023365021
 1118      1.008000016212463     0.4438000023365021
 1119      1.008000016212463     0.4438000023365021
 1120                     16     -0.755299985408783
 1121                     16     -0.755299985408783
 1122      12.01000022888184     0.9326000213623047
 1123      12.01000022888184   -0.09520000219345093
 1124      14.01000022888184    -0.8356000185012817
 1125      1.008000016212463    0.08869999647140503
 1126      1.008000016212463    0.08869999647140503
 1127      1.008000016212463     0.4438000023365021
 1128      1.008000016212463     0.4438000023365021
 1129      1.008000016212463     0.4438000023365021
 1130                     16     -0.755299985408783
 1131                     16     -0.755299985408783
 1132      12.01000022888184     0.9326000213623047
 1133      12.01000022888184   -0.09520000219345093
 1134      14.01000022888184    -0.8356000185012817
 1135      1.008000016212463    0.08869999647140503
 1136      1.008000016212463    0.08869999647140503
 1137      1.008000016212463     0.4438000023365021
 1138      1.008000016212463     0.4438000023365021
 1139      1.008000016212463     0.4438000023365021
 1140                     16     -0.755299985408783
 1141                     16     -0.755299985408783
 1142      12.01000022888184     0.9326000213623047
 1143      12.01000022888184   -0.09520000219345093
 1144      14.01000022888184    -0.8356000185012817
 1145      1.008000016212463    0.08869999647140503
 1146      1.008000016212463    0.08869999647140503
 1147      1.008000016212463     0.4438000023365021
 1148      1.008000016212463     0.4438000023365021
 1149      1.008000016212463     0.4438000023365021
 1150                     16     -0.755299985408783
 1151                     16     -0.755299985408783
 1152      12.01000022888184     0.9326000213623047
 1153      12.01000022888184   -0.09520000219345093
 1154      14.01000022888184    -0.8356000185012817
 1155      1.008000016212463    0.08869999647140503
 1156      1.008000016212463    0.08869999647140503
 1157      1.008000016212463     0.4438000023365021
 1158      1.008000016212463     0.4438000023365021
 1159      1.008000016212463     0.4438000023365021
 1160                     16     -0.755299985408783
 1161                     16     -0.755299985408783
 1162      12.01000022888184     0.9326000213623047
 1163      12.01000022888184   -0.09520000219345093
 1164      14.01000022888184    -0.8356000185012817
 1165      1.008000016212463    0.08869999647140503
 1166      1.008000016212463    0.08869999647140503
 1167      1.008000016212463     0.4438000023365021
 1168      1.008000016212463     0.4438000023365021
 1169      1.008000016212463     0.4438000023365021
 1170                     16     -0.755299985408783
 1171                     16     -0.755299985408783
 1172      12.01000022888184     0.9326000213623047
 1173      12.01000022888184   -0.09520000219345093
 1174      14.01000022888184    -0.8356000185012817
 1175      1.008000016212463    0.08869999647140503
 1176      1.008000016212463    0.08869999647140503
 1177      1.008000016212463     0.4438000023365021
 1178      1.008000016212463     0.4438000023365021
 1179      1.008000016212463     0.4438000023365021
 1180                     16     -0.755299985408783
 1181                     16     -0.755299985408783
 1182      12.01000022888184     0.9326000213623047
 1183      12.01000022888184   -0.09520000219345093
 1184      14.01000022888184    -0.8356000185012817
 1185      1.008000016212463    0.08869999647140503
 1186      1.008000016212463    0.08869999647140503
 1187      1.008000016212463     0.4438000023365021
 1188      1.008000016212463     0.4438000023365021
 1189      1.008000016212463     0.4438000023365021
 1190                     16     -0.755299985408783
 1191                     16     -0.755299985408783
 1192      12.01000022888184     0.9326000213623047
 1193      12.01000022888184   -0.09520000219345093
 1194      14.01000022888184    -0.8356000185012817
 1195      1.008000016212463    0.08869999647140503
 1196      1.008000016212463    0.08869999647140503
 1197      1.008000016212463     0.4438000023365021
 1198      1.008000016212463     0.4438000023365021
 1199      1.008000016212463     0.4438000023365021

